First Received,Breast,Lung,Colorectal,Prostate,Pancreatic,Thyroid,Ovarian,Melanoma,Esophageal,Multiple Myeloma,Lymphomas,Leukemias,Uterine,Bladder,Cervical,Head and Neck,Liver,Testicular,Brain,Kidney,Gastric,Bone,Soft-tissue
2007-12-31,487,343,225,228,122,38,170,125,72,164,310,331,33,44,72,95,64,62,135,123,73,39,27
2008-12-31,489,345,221,223,124,33,151,124,72,168,288,313,28,54,62,97,66,50,183,121,62,40,36
2009-12-31,544,380,267,237,152,26,148,120,66,162,338,385,36,56,72,126,94,44,171,131,73,43,31
2010-12-31,467,323,239,163,123,46,152,104,84,154,243,326,45,52,72,98,71,58,176,128,88,42,31
2011-12-31,465,282,290,196,148,52,157,117,69,141,285,306,36,48,54,83,83,67,139,122,106,37,36
2012-12-31,450,315,302,240,137,49,157,122,84,134,273,319,47,45,82,71,77,63,158,106,128,37,38
2013-12-31,530,390,298,234,169,50,148,145,91,118,242,253,48,53,63,82,89,63,164,95,122,47,31
2014-12-31,524,407,333,279,202,48,171,138,101,138,252,302,46,71,82,129,99,75,203,104,148,54,40
2015-12-31,632,468,333,245,196,54,183,157,145,132,287,301,45,90,95,140,87,57,202,120,163,61,54
